0.850299401	4.99E-06	1.50E-05	4.99E-06	9.99E-06	0	0	0.329341317	0.007784431	0.05988024	0.092814371	0.688622754	0.311377246	1	0.071856287	0.017964072	0.886227545	0.856287425	0.880239521	0.101796407	0.005988024	0
0.816568047	5.11E-05	0	4.38E-05	0	0	0	0.218934911	0.00887574	0	0.072781065	0.325443787	0.674556213	1	0.017751479	0	0.887573964	0.887573964	0.899408284	0.047337278	0.00591716	0
0.945736434	0	0	2.37E-05	1.19E-05	0	0	0.279069767	0.007751938	0.093023256	0.059689922	0.325581395	0.674418605	1	0.015503876	0	0.953488372	0.906976744	0.937984496	0.07751938	0.007751938	0
0.751633987	3.39E-05	0	3.39E-05	1.13E-05	0	0	0.130718954	0.011111111	0	0.069281046	0.549019608	0.450980392	1	0.032679739	0	0.745098039	0.764705882	0.758169935	0.08496732	0	0
0.788888889	1.76E-05	0.000277778	1.32E-05	3.09E-05	0	4.41E-06	0.366666667	0.018333333	0	0.001666667	0.627777778	0.372222222	1	0.038888889	0	0.783333333	0.616666667	0.816666667	0.5	0.005555556	0
0.857142857	0	0	0	0	0	0	0.272108844	0.007482993	0.034013605	0.068707483	0.183673469	0.816326531	1	0.006802721	0.006802721	0.87755102	0.87755102	0.884353741	0.006802721	0	0
0.837349398	2.41E-05	3.21E-05	1.60E-05	0	0	0	0.325301205	0.004216867	0.030120482	0.043975904	0.608433735	0.391566265	1	0.012048193	0	0.885542169	0.873493976	0.885542169	0.030120482	0.006024096	0
0.893081761	9.71E-06	0	1.94E-05	0	0	0	0.283018868	0.004402516	0.100628931	0.052830189	0.150943396	0.849056604	1	0	0	0.943396226	0.937106918	0.943396226	0.006289308	0	0
0.701657459	5.30E-05	0	4.41E-05	8.83E-06	0	0	0.121546961	0.008839779	0	0	0.497237569	0.502762431	1	0.022099448	0.005524862	0.773480663	0.79558011	0.806629834	0.138121547	0	0
0.890410959	5.71E-06	0	5.14E-05	0	0	0	0.369863014	0.004109589	0.04109589	0.059589041	0.205479452	0.794520548	1	0.01369863	0	0.910958904	0.910958904	0.917808219	0.006849315	0	0
0.815286624	2.78E-05	6.96E-05	2.09E-05	0	0	0	0.343949045	0.003821656	0	0.041401274	0.229299363	0.770700637	1	0.01910828	0	0.891719745	0.878980892	0.885350318	0.031847134	0	0
0.730337079	4.52E-05	5.65E-06	3.39E-05	2.82E-05	0	0	0.292134831	0.009550562	0	0.001685393	0.56741573	0.43258427	1	0.016853933	0	0.758426966	0.752808989	0.769662921	0.269662921	0	0
0.870503597	3.56E-05	2.37E-05	0	0	0	0	0.417266187	0.003597122	0.028776978	0.05323741	0.158273381	0.841726619	1	0	0	0.899280576	0.920863309	0.928057554	0.021582734	0	0
0.899371069	0	0	6.12E-06	0	0	0	0.433962264	0.001886792	0.037735849	0.059119497	0.169811321	0.830188679	1	0.006289308	0	0.911949686	0.905660377	0.918238994	0.006289308	0	0
0.807017544	9.36E-05	0	0	0	0	0	0.298245614	0.005847953	0	0.014035088	0.374269006	0.625730994	1	0.011695906	0.01754386	0.859649123	0.865497076	0.871345029	0.040935673	0	0
0.817610063	5.25E-05	0.000220309	3.15E-05	0	0	0	0.270440252	0.006289308	0	0.032075472	0.553459119	0.446540881	1	0.031446541	0.006289308	0.836477987	0.893081761	0.893081761	0.106918239	0.006289308	0
0.78021978	4.79E-06	0	3.83E-05	2.40E-05	0	0	0.269230769	0.004945055	0.153846154	0.031868132	0.626373626	0.373626374	1	0.010989011	0	0.840659341	0.802197802	0.846153846	0.203296703	0.005494505	0
0.808917197	0	0	4.71E-05	7.84E-05	0	0	0.108280255	0.017834395	0	0.023566879	0.515923567	0.484076433	1	0.031847134	0	0.72611465	0.719745223	0.738853503	0.101910828	0	0
0.902097902	0	0.000132221	0	0	0	0	0.391608392	0.003496503	0.006993007	0.051748252	0.160839161	0.839160839	1	0.020979021	0	0.93006993	0.93006993	0.937062937	0.006993007	0	0
0.689655172	4.55E-05	0.000106147	4.55E-05	0	0	0	0.201149425	0.009195402	0	0.012068966	0.551724138	0.448275862	1	0.040229885	0	0.925287356	0.810344828	0.793103448	0.431034483	0	0
0.805882353	5.07E-05	2.03E-05	2.53E-05	5.07E-06	0	0	0.341176471	0.007058824	0	0.037647059	0.282352941	0.717647059	1	0.005882353	0	0.858823529	0.847058824	0.858823529	0.047058824	0	0
0.886524823	0	0	4.84E-05	5.81E-05	0	0	0.439716312	0.009929078	0	0.009929078	0.517730496	0.482269504	1	0.056737589	0	0.907801418	0.829787234	0.886524823	0.212765957	0.007092199	0
0.727777778	3.47E-05	0	5.20E-05	0	0	0	0.15	0.007777778	0	0.106666667	0.388888889	0.611111111	1	0.011111111	0	0.861111111	0.861111111	0.866666667	0.077777778	0	0
0.676190476	1.33E-05	0.00022897	1.33E-05	2.99E-05	0	3.32E-06	0.314285714	0.016666667	0	0.001428571	0.680952381	0.319047619	1	0.033333333	0	0.676190476	0.514285714	0.7	0.404761905	0	0
0.844311377	4.51E-05	0	1.13E-05	0	0	0	0.275449102	0.004790419	0.023952096	0.061077844	0.586826347	0.413173653	1	0.017964072	0	0.856287425	0.874251497	0.874251497	0.035928144	0.005988024	0
0.751633987	3.70E-05	0	4.44E-05	0	0	0	0.156862745	0.009150327	0	0.08496732	0.333333333	0.666666667	1	0	0	0.732026144	0.784313725	0.790849673	0.104575163	0	0
0.904761905	0	8.21E-06	3.28E-05	0	0	0	0.523809524	0.006122449	0.231292517	0.029931973	0.115646259	0.884353741	1	0.006802721	0	0.925170068	0.918367347	0.931972789	0	0	0
0.666666667	2.11E-05	0	3.79E-05	2.95E-05	0	0	0.181818182	0.017171717	0	0.077272727	0.732323232	0.267676768	1	0.03030303	0.01010101	0.671717172	0.686868687	0.676767677	0.328282828	0	0
0.626373626	3.34E-05	0.000258467	5.00E-05	0	0	0	0.148351648	0.013186813	0	0.074175824	0.703296703	0.296703297	1	0.032967033	0	0.653846154	0.648351648	0.653846154	0.071428571	0	0
0.864516129	0.006451613	0.006459063	0.006488862	0.006451613	0.006451613	0.006451613	0.509677419	0.008387097	0.477419355	0.029032258	0.148387097	0.858064516	1	0.019354839	0.006451613	0.883870968	0.883870968	0.896774194	0.006451613	0	0
0.902255639	0	0.00011139	0	0	0	0	0.428571429	0.004511278	0	0.071428571	0.157894737	0.842105263	1	0	0	0.939849624	0.92481203	0.932330827	0.007518797	0	0
0.875	5.57E-06	0	1.11E-05	5.01E-05	0	0	0.217105263	0.009210526	0.019736842	0.084210526	0.572368421	0.427631579	1	0.039473684	0	0.894736842	0.855263158	0.901315789	0.171052632	0.006578947	0
0.725274725	4.70E-05	0	6.05E-05	0	0	0	0.175824176	0.007142857	0	0.067582418	0.478021978	0.521978022	1	0.027472527	0	0.851648352	0.802197802	0.818681319	0.082417582	0	0
0.728723404	5.26E-05	0	3.01E-05	2.26E-05	0	0	0.29787234	0.008510638	0	0.037765957	0.723404255	0.276595745	1	0.026595745	0	0.787234043	0.760638298	0.835106383	0.313829787	0.005319149	0
0.777070064	6.59E-05	0	0	1.32E-05	0	0	0.159235669	0.010191083	0	0.057961783	0.458598726	0.541401274	1	0.038216561	0.012738854	0.866242038	0.821656051	0.847133758	0.095541401	0.006369427	0
0.719101124	0	6.43E-05	2.14E-05	3.22E-05	0	1.07E-05	0.123595506	0.013483146	0	0.051685393	0.702247191	0.297752809	1	0.061797753	0	0.803370787	0.679775281	0.735955056	0.56741573	0	0
0.862745098	8.08E-06	0	2.42E-05	2.42E-05	0	0	0.156862745	0.009803922	0	0.078431373	0.503267974	0.496732026	1	0.032679739	0.013071895	0.91503268	0.869281046	0.895424837	0.111111111	0.006535948	0
0.81865285	0.00522221	0.005181347	0.005197692	0.005181347	0.005181347	0.005181347	0.259067358	0.00880829	0.005181347	0.022279793	0.202072539	0.803108808	1	0.015544041	0.005181347	0.839378238	0.870466321	0.865284974	0.051813472	0	0
0.897058824	0	0	1.08E-05	0	0	0	0.183823529	0.009558824	0.029411765	0.069852941	0.220588235	0.779411765	1	0.007352941	0	0.919117647	0.897058824	0.911764706	0.022058824	0	0
0.826086957	9.89E-06	0	3.96E-05	0	0	0	0.304347826	0.00621118	0.00621118	0.070807453	0.372670807	0.627329193	1	0.02484472	0.00621118	0.838509317	0.844720497	0.850931677	0.02484472	0	0
0.790419162	3.91E-05	0	5.87E-05	0	0	0	0.19760479	0.007185629	0	0.083832335	0.383233533	0.616766467	1	0.02994012	0	0.898203593	0.844311377	0.844311377	0.107784431	0	0
0.905063291	0	0	1.64E-05	0	0	0	0.424050633	0.001898734	0.037974684	0.060759494	0.151898734	0.848101266	1	0.006329114	0	0.911392405	0.911392405	0.924050633	0.006329114	0	0
0.723163842	3.85E-05	4.81E-05	1.92E-05	2.89E-05	0	0	0.18079096	0.009039548	0	0.019774011	0.615819209	0.384180791	1	0.062146893	0	0.774011299	0.728813559	0.762711864	0.197740113	0	0
0.848837209	2.13E-05	0	2.13E-05	2.13E-05	0	0	0.180232558	0.00872093	0.127906977	0.037790698	0.511627907	0.488372093	1	0.005813953	0.005813953	0.941860465	0.872093023	0.906976744	0.209302326	0.005813953	0
0.806451613	0	0	5.44E-05	4.76E-05	0	6.81E-06	0.412903226	0.008387097	0	0.016774194	0.496774194	0.503225806	1	0.025806452	0	0.735483871	0.716129032	0.735483871	0.04516129	0	0
0.83125	3.67E-05	0.00026908	1.83E-05	6.12E-06	0	0	0.4	0.0125	0	0.028125	0.4	0.6	1	0.01875	0	0.8875	0.8125	0.8875	0.01875	0.00625	0
0.76433121	1.47E-05	0	7.33E-06	5.86E-05	0	0	0.363057325	0.008280255	0	0.047770701	0.496815287	0.503184713	1	0.025477707	0	0.719745223	0.732484076	0.757961783	0.159235669	0	0
0.605	5.66E-05	3.39E-05	5.66E-06	0	0	0	0.195	0.0065	0	0.0345	0.66	0.34	1	0.04	0.005	0.665	0.66	0.67	0.04	0	0
0.897058824	0	0	4.05E-05	1.35E-05	0	0	0.198529412	0.008088235	0	0.078676471	0.257352941	0.742647059	1	0.007352941	0	0.919117647	0.897058824	0.911764706	0.022058824	0	0
0.819444444	0	0	5.54E-05	1.11E-05	0	0	0.145833333	0.010416667	0	0.071527778	0.381944444	0.618055556	1	0.006944444	0.006944444	0.854166667	0.819444444	0.840277778	0.041666667	0	0
0.794285714	6.05E-05	7.57E-06	4.54E-05	3.78E-05	0	0	0.285714286	0.008571429	0	0.057142857	0.565714286	0.434285714	1	0.034285714	0	0.84	0.788571429	0.817142857	0.211428571	0.005714286	0
0.842105263	2.60E-05	0	3.25E-05	0	0	0	0.233918129	0.004678363	0	0.057894737	0.34502924	0.65497076	1	0.01754386	0	0.935672515	0.900584795	0.918128655	0.046783626	0.005847953	0
0.808139535	4.99E-05	7.13E-06	4.99E-05	3.57E-05	0	0	0.308139535	0.009302326	0.034883721	0.040697674	0.558139535	0.441860465	1	0.023255814	0	0.918604651	0.813953488	0.848837209	0.354651163	0.005813953	0
0.807017544	6.98E-05	0	3.72E-05	4.66E-06	0	0	0.298245614	0.007017544	0	0.009356725	0.573099415	0.426900585	1	0.046783626	0	0.865497076	0.859649123	0.871345029	0.070175439	0.005847953	0
0.936619718	0	2.25E-05	5.99E-05	2.25E-05	0	0	0.443661972	0.016901408	0	0.000704225	0.274647887	0.725352113	1	0.014084507	0	0.936619718	0.88028169	0.922535211	0.056338028	0.007042254	0
0.85915493	0	0	0	0	0	0	0.133802817	0.013380282	0	0.106338028	0.274647887	0.725352113	1	0.007042254	0	0.845070423	0.845070423	0.85915493	0.021126761	0	0
0.808290155	0	6.68E-06	2.67E-05	0	0	0	0.274611399	0.004145078	0.015544041	0.102072539	0.471502591	0.528497409	1	0.015544041	0	0.834196891	0.823834197	0.834196891	0.015544041	0	0
0.797546012	1.56E-05	3.12E-05	3.64E-05	1.56E-05	0	0	0.319018405	0.018404908	0	0.020245399	0.466257669	0.533742331	1	0.036809816	0	0.852760736	0.797546012	0.834355828	0.09202454	0	0
0.781065089	1.32E-05	0	1.32E-05	1.98E-05	0	0	0.171597633	0.00887574	0	0.050887574	0.603550296	0.396449704	1	0.065088757	0.00591716	0.846153846	0.804733728	0.834319527	0.195266272	0.00591716	0
0.921568627	0	1.09E-05	2.18E-05	0	0	0	0.379084967	0.003267974	0.098039216	0.052941176	0.150326797	0.849673203	1	0.006535948	0	0.941176471	0.934640523	0.947712418	0.006535948	0	0
0.804733728	8.20E-05	0	2.93E-05	0	0	0	0.136094675	0.014201183	0	0.034911243	0.307692308	0.692307692	1	0.01183432	0	0.846153846	0.857988166	0.863905325	0.041420118	0	0
0.715976331	2.23E-05	1.34E-05	1.34E-05	2.68E-05	0	0	0.331360947	0.009467456	0	0.080473373	0.585798817	0.414201183	1	0.029585799	0.00591716	0.733727811	0.715976331	0.733727811	0.165680473	0	0
0.897058824	0	0	7.38E-06	7.38E-06	0	0	0.169117647	0.011029412	0.022058824	0.069852941	0.242647059	0.757352941	1	0	0	0.919117647	0.882352941	0.897058824	0.036764706	0	0
0.807017544	5.51E-05	0	4.90E-05	6.12E-06	0	0	0.298245614	0.007017544	0	0.018128655	0.573099415	0.426900585	1	0.052631579	0	0.865497076	0.847953216	0.865497076	0.081871345	0.005847953	0
0.715789474	3.95E-05	3.51E-05	0	0	0	0	0.210526316	0.012105263	0	0.102105263	0.731578947	0.268421053	1	0.026315789	0.026315789	0.757894737	0.747368421	0.763157895	0.089473684	0.005263158	0
0.814371257	1.50E-05	0	9.97E-06	0	0	0	0.323353293	0.002994012	0.047904192	0.056886228	0.293413174	0.706586826	1	0.005988024	0	0.904191617	0.892215569	0.904191617	0.041916168	0.005988024	0
0.774566474	3.12E-05	5.21E-06	4.17E-05	2.60E-05	0	0	0.352601156	0.006358382	0	0.034682081	0.479768786	0.520231214	1	0.028901734	0	0.820809249	0.826589595	0.849710983	0.098265896	0.005780347	0
0.813333333	0	0	3.43E-05	2.06E-05	0	0	0.16	0.01	0	0.070666667	0.486666667	0.513333333	1	0.006666667	0.013333333	0.826666667	0.793333333	0.82	0.08	0	0
0.904761905	0	8.35E-06	2.50E-05	0	0	0	0.517006803	0.004081633	0.081632653	0.046258503	0.115646259	0.884353741	1	0	0	0.925170068	0.925170068	0.93877551	0.006802721	0	0
0.611702128	3.32E-05	0.000345313	1.99E-05	6.64E-06	0	0	0.117021277	0.019148936	0	0.104255319	0.734042553	0.265957447	1	0.042553191	0	0.622340426	0.622340426	0.632978723	0.111702128	0	0
0.85106383	0	4.38E-05	2.19E-05	1.10E-05	0	0	0.319148936	0.006382979	0	0.070212766	0.276595745	0.723404255	1	0.021276596	0	0.815602837	0.808510638	0.822695035	0.007092199	0	0
0.902255639	0	0	5.52E-05	0	0	0	0.37593985	0.006015038	0.015037594	0.076691729	0.218045113	0.781954887	1	0.015037594	0	0.872180451	0.894736842	0.902255639	0.022556391	0	0
0.775147929	4.74E-05	1.78E-05	1.18E-05	0	0	0	0.313609467	0.010650888	0	0.018934911	0.355029586	0.644970414	1	0.041420118	0	0.887573964	0.846153846	0.869822485	0.082840237	0	0
0.8375	8.75E-06	1.31E-05	3.50E-05	3.94E-05	0	0	0.40625	0.009375	0.03125	0.043125	0.59375	0.40625	1	0.03125	0	0.84375	0.8	0.85625	0.20625	0.00625	0
0.812903226	4.03E-05	0	4.03E-05	0	0	0	0.161290323	0.009032258	0	0.040645161	0.309677419	0.690322581	1	0.012903226	0	0.858064516	0.870967742	0.870967742	0.058064516	0	0
0.735449735	4.73E-05	0	3.16E-05	0	0	0	0.285714286	0.005291005	0	0.1	0.492063492	0.507936508	1	0.031746032	0	0.761904762	0.793650794	0.793650794	0.132275132	0	0
0.835616438	3.07E-05	0	2.05E-05	0	0	0	0.136986301	0.01369863	0	0.069863014	0.287671233	0.712328767	1	0	0	0.897260274	0.876712329	0.890410959	0.02739726	0	0
0.87755102	0.006808817	0.00684539	0.00684539	0.006802721	0.006802721	0.006802721	0.523809524	0.018367347	0.176870748	0.019727891	0.156462585	0.850340136	1	0.020408163	0.006802721	0.87755102	0.870748299	0.891156463	0.013605442	0	0
0.702247191	1.99E-05	6.65E-05	2.66E-05	3.32E-05	0	0	0.129213483	0.012359551	0	0.041573034	0.702247191	0.297752809	1	0.04494382	0	0.803370787	0.685393258	0.735955056	0.516853933	0	0
0.754098361	6.12E-05	0	2.72E-05	0	0	0	0.31147541	0.003825137	0	0.020218579	0.262295082	0.737704918	1	0.016393443	0	0.830601093	0.87431694	0.879781421	0.114754098	0.005464481	0
0.883870968	0.006458203	0.006451613	0.006484563	0.006451613	0.006451613	0.006451613	0.309677419	0.010322581	0.251612903	0.040645161	0.122580645	0.883870968	1	0.012903226	0.006451613	0.916129032	0.916129032	0.922580645	0.006451613	0	0
0.884615385	1.50E-05	0	3.00E-05	0	0	0	0.288461538	0.004487179	0.083333333	0.041666667	0.16025641	0.83974359	1	0	0	0.942307692	0.929487179	0.935897436	0.012820513	0	0
0.856164384	0	0	6.05E-05	4.32E-05	0	8.64E-06	0.445205479	0.007534247	0	0.05	0.561643836	0.438356164	1	0.034246575	0.006849315	0.794520548	0.760273973	0.794520548	0.061643836	0	0
0.812903226	4.39E-05	0	2.19E-05	0	0	0	0.309677419	0.004516129	0	0.041290323	0.238709677	0.761290323	1	0.012903226	0	0.858064516	0.870967742	0.870967742	0.038709677	0	0
0.797979798	3.79E-05	0.000134792	8.42E-06	0	0	0	0.207070707	0.004545455	0	0.066666667	0.237373737	0.762626263	1	0.02020202	0	0.939393939	0.898989899	0.909090909	0.075757576	0	0
0.75739645	0.005953196	0.00591716	0.005953196	0.00591716	0.00591716	0.00591716	0.201183432	0.01183432	0.00591716	0.04556213	0.325443787	0.680473373	1	0.023668639	0.00591716	0.781065089	0.804733728	0.792899408	0.076923077	0	0
0.833333333	0	1.18E-05	1.77E-05	4.72E-05	0	0	0.357142857	0.008928571	0	0.036904762	0.625	0.375	1	0.047619048	0.005952381	0.845238095	0.744047619	0.851190476	0.154761905	0.005952381	0
0.828025478	5.59E-05	6.98E-06	1.40E-05	0	0	0	0.420382166	0.007643312	0	0.006369427	0.286624204	0.713375796	1	0.038216561	0	0.872611465	0.866242038	0.878980892	0.012738854	0	0
0.668393782	2.56E-05	1.71E-05	2.56E-05	0	0	0	0.18134715	0.006735751	0	0.052331606	0.476683938	0.523316062	1	0.031088083	0	0.704663212	0.694300518	0.699481865	0.020725389	0	0
0.936619718	0	2.78E-05	5.56E-05	2.09E-05	0	0	0.429577465	0.020422535	0	0.000704225	0.345070423	0.654929577	1	0.021126761	0	0.936619718	0.873239437	0.929577465	0.063380282	0.007042254	0
0.945736434	0	0	3.40E-05	0	0	0	0.302325581	0.00620155	0.07751938	0.065116279	0.178294574	0.821705426	1	0.007751938	0	0.953488372	0.92248062	0.937984496	0.015503876	0	0
0.824324324	1.40E-05	0	0	0	0	0	0.121621622	0.012837838	0	0.131081081	0.27027027	0.72972973	1	0.02027027	0	0.804054054	0.844594595	0.844594595	0.060810811	0	0
0.869863014	3.43E-05	5.14E-05	5.71E-06	5.71E-06	0	0	0.369863014	0.006849315	0.034246575	0.106849315	0.568493151	0.431506849	1	0.061643836	0.006849315	0.95890411	0.924657534	0.945205479	0.095890411	0.006849315	0
0.774566474	3.17E-05	6.34E-06	3.80E-05	2.54E-05	0	0	0.352601156	0.006936416	0	0.034104046	0.479768786	0.520231214	1	0.023121387	0	0.867052023	0.826589595	0.855491329	0.10982659	0.005780347	0
0.770700637	5.30E-05	0	3.98E-05	6.63E-06	0	0	0.171974522	0.007643312	0	0.021019108	0.426751592	0.573248408	1	0.025477707	0	0.821656051	0.821656051	0.821656051	0.076433121	0	0
0.777173913	0	0	8.37E-06	0	0	0	0.277173913	0.004347826	0.048913043	0.071195652	0.630434783	0.369565217	1	0.032608696	0.005434783	0.788043478	0.798913043	0.804347826	0.016304348	0.005434783	0
0.833333333	1.07E-05	5.35E-05	2.14E-05	0	0	0	0.365384615	0.003846154	0.166666667	0.091666667	0.583333333	0.416666667	1	0.044871795	0	0.826923077	0.83974359	0.852564103	0.064102564	0.006410256	0
0.84	4.41E-05	0	1.76E-05	0	0	0	0.234285714	0.004571429	0.085714286	0.010285714	0.2	0.8	1	0	0	0.897142857	0.897142857	0.902857143	0.005714286	0	0
0.748538012	0	3.12E-05	4.46E-05	5.36E-05	0	0	0.368421053	0.014035088	0	0.006432749	0.625730994	0.374269006	1	0.035087719	0	0.754385965	0.666666667	0.742690058	0.105263158	0	0
0.882352941	9.76E-06	0	3.90E-05	0	0	0	0.267973856	0.005228758	0.039215686	0.062091503	0.222222222	0.777777778	1	0.019607843	0	0.928104575	0.91503268	0.928104575	0.013071895	0	0
0.88590604	0	0	1.76E-05	2.35E-05	0	0	0.228187919	0.006711409	0.046979866	0.063087248	0.44295302	0.55704698	1	0.046979866	0.006711409	0.912751678	0.89261745	0.919463087	0.046979866	0.006711409	0
0.836477987	1.69E-05	0	3.38E-05	8.44E-06	0	0	0.20754717	0.00754717	0.031446541	0.086163522	0.364779874	0.635220126	1	0.025157233	0	0.893081761	0.867924528	0.886792453	0.031446541	0.006289308	0
0.855263158	1.03E-05	0	3.08E-05	0	0	0	0.138157895	0.009210526	0.072368421	0.048026316	0.217105263	0.782894737	1	0.006578947	0	0.875	0.861842105	0.875	0.013157895	0	0
0.923076923	0	0	3.14E-05	4.70E-05	0	0	0.244755245	0.008391608	0.06993007	0.033566434	0.503496503	0.496503497	1	0.048951049	0.006993007	0.951048951	0.916083916	0.951048951	0.076923077	0.006993007	0
0.896103896	5.28E-06	0	2.11E-05	0	0	0	0.25974026	0.005194805	0.045454545	0.07012987	0.318181818	0.681818182	1	0.032467532	0	0.922077922	0.915584416	0.928571429	0.006493506	0.006493506	0
0.807017544	6.93E-05	0	4.16E-05	4.62E-06	0	0	0.292397661	0.007017544	0	0.008187135	0.573099415	0.426900585	1	0.040935673	0	0.865497076	0.85380117	0.865497076	0.064327485	0.005847953	0
0.61	0	9.00E-05	1.29E-05	2.57E-05	0	0	0.11	0.022	0	0.076	0.75	0.25	1	0.035	0	0.595	0.565	0.585	0.12	0	0
0.812121212	0	0	3.14E-05	4.71E-05	0	0	0.133333333	0.012727273	0	0.048484848	0.672727273	0.327272727	1	0.03030303	0.012121212	0.763636364	0.715151515	0.76969697	0.357575758	0	0
0.898648649	0	2.78E-05	4.17E-05	2.78E-05	0	0	0.405405405	0.016891892	0	0	0.439189189	0.560810811	1	0.013513514	0	0.885135135	0.824324324	0.878378378	0.094594595	0.006756757	0
0.730337079	5.07E-05	0	2.82E-05	2.82E-05	0	0	0.286516854	0.008426966	0	0.028089888	0.56741573	0.43258427	1	0.039325843	0	0.730337079	0.758426966	0.769662921	0.219101124	0	0
0.898734177	0	0	2.72E-05	0	0	0	0.259493671	0.005696203	0	0.074050633	0.221518987	0.778481013	1	0	0	0.955696203	0.924050633	0.943037975	0.044303797	0.006329114	0
0.792553191	0	0	4.72E-05	4.72E-05	0	0	0.207446809	0.013297872	0.132978723	0.029787234	0.728723404	0.271276596	1	0.021276596	0.005319149	0.824468085	0.739361702	0.813829787	0.515957447	0.005319149	0
0.897058824	0	0	2.86E-05	0	0	0	0.183823529	0.008823529	0	0.080882353	0.227941176	0.772058824	1	0	0	0.919117647	0.897058824	0.911764706	0.014705882	0	0
0.634517766	3.07E-05	0.000269747	3.07E-05	2.45E-05	0	0	0.101522843	0.012690355	0	0.036040609	0.680203046	0.319796954	1	0.040609137	0.005076142	0.634517766	0.634517766	0.644670051	0.081218274	0	0
0.898089172	6.33E-06	0	5.07E-05	0	0	0	0.426751592	0.002547771	0	0.07133758	0.152866242	0.847133758	1	0	0	0.955414013	0.936305732	0.949044586	0.006369427	0.006369427	0
0.828767123	4.01E-05	0	5.35E-05	2.68E-05	0	0	0.164383562	0.011643836	0	0.028082192	0.493150685	0.506849315	1	0.02739726	0	0.883561644	0.828767123	0.863013699	0.171232877	0.006849315	0
0.809210526	2.40E-05	3.60E-05	0	0	0	0	0.361842105	0.004605263	0	0.056578947	0.467105263	0.532894737	1	0.026315789	0	0.848684211	0.848684211	0.855263158	0.019736842	0.006578947	0
0.896103896	0	0	2.37E-05	0	0	0	0.253246753	0.005194805	0.064935065	0.059090909	0.149350649	0.850649351	1	0.012987013	0	0.922077922	0.915584416	0.928571429	0.006493506	0	0
0.900584795	1.51E-05	1.51E-05	1.51E-05	0	0	0	0.32748538	0.003508772	0.005847953	0.05380117	0.18128655	0.81871345	1	0.005847953	0	0.941520468	0.935672515	0.947368421	0.011695906	0.005847953	0
0.828025478	5.01E-05	7.16E-06	0	0	0	0	0.426751592	0.005732484	0	0.007643312	0.286624204	0.713375796	1	0.025477707	0	0.872611465	0.872611465	0.885350318	0.01910828	0	0
0.880794702	1.44E-05	0	4.31E-05	0	0	0	0.344370861	0.004635762	0.013245033	0.056953642	0.251655629	0.748344371	1	0.006622517	0.006622517	0.900662252	0.900662252	0.907284768	0.006622517	0	0
0.718390805	8.23E-05	5.49E-05	2.74E-05	2.74E-05	0	0	0.126436782	0.012643678	0	0	0.614942529	0.385057471	1	0.040229885	0.005747126	0.770114943	0.770114943	0.793103448	0.120689655	0	0
0.714285714	4.71E-05	0	5.88E-05	2.35E-05	0	0	0.131868132	0.008791209	0	0	0.582417582	0.417582418	1	0.016483516	0.005494505	0.851648352	0.769230769	0.813186813	0.461538462	0.005494505	0
0.656565657	3.58E-05	7.96E-06	1.19E-05	2.39E-05	0	0	0.257575758	0.00959596	0	0.029292929	0.631313131	0.368686869	1	0.025252525	0	0.661616162	0.691919192	0.707070707	0.257575758	0	0
0.738888889	4.52E-05	0	2.26E-05	3.39E-05	0	0	0.088888889	0.014444444	0	0	0.544444444	0.455555556	1	0.027777778	0	0.727777778	0.766666667	0.755555556	0.3	0	0
0.785714286	3.01E-05	0	1.00E-05	1.50E-05	0	0	0.148809524	0.008928571	0	0.06547619	0.547619048	0.452380952	1	0.023809524	0.011904762	0.839285714	0.821428571	0.833333333	0.095238095	0.005952381	0
0.798742138	0	0	4.72E-05	4.72E-05	0	0	0.113207547	0.01572327	0	0.120125786	0.522012579	0.477987421	1	0.031446541	0	0.754716981	0.742138365	0.761006289	0.125786164	0	0
0.870588235	1.97E-05	0	2.46E-05	0	0	0	0.258823529	0.004117647	0.035294118	0.048235294	0.164705882	0.835294118	1	0.005882353	0	0.911764706	0.911764706	0.917647059	0.005882353	0	0
0.904761905	0	9.29E-05	3.72E-05	0	0	0	0.197278912	0.008843537	0	0.106122449	0.231292517	0.768707483	1	0.006802721	0	0.911564626	0.911564626	0.925170068	0.020408163	0	0
0.784431138	4.09E-05	0	4.09E-05	1.17E-05	0	0	0.311377246	0.008383234	0	0.014371257	0.407185629	0.592814371	1	0.017964072	0	0.838323353	0.832335329	0.844311377	0.047904192	0	0
0.82183908	2.33E-05	0	4.67E-05	0	0	0	0.275862069	0.004022989	0	0.06091954	0.218390805	0.781609195	1	0.011494253	0.005747126	0.890804598	0.890804598	0.902298851	0.011494253	0	0
0.816568047	3.16E-05	0	1.58E-05	2.11E-05	0	0	0.195266272	0.018343195	0	0.046745562	0.349112426	0.650887574	1	0.017751479	0	0.804733728	0.857988166	0.863905325	0.130177515	0	0
0.699530516	0	0	4.21E-05	3.61E-05	0	0	0.197183099	0.011737089	0.107981221	0.038497653	0.76056338	0.23943662	1	0.018779343	0	0.732394366	0.666666667	0.723004695	0.408450704	0	0
0.819767442	5.51E-05	0.000132135	0	0	0	0	0.26744186	0.006395349	0.011627907	0.016860465	0.662790698	0.337209302	1	0.040697674	0	0.895348837	0.86627907	0.88372093	0.046511628	0.005813953	0
0.861788618	0	0	8.20E-05	0	0	0	0.512195122	0.004878049	0	0.114634146	0.227642276	0.772357724	1	0.008130081	0	0.894308943	0.886178862	0.902439024	0.016260163	0	0
0.818181818	2.53E-05	2.02E-05	0	0	0	0	0.357575758	0.003030303	0.078787879	0.04	0.575757576	0.424242424	1	0.03030303	0	0.860606061	0.854545455	0.866666667	0.012121212	0.006060606	0
0.776470588	3.83E-05	0	4.79E-05	0	0	0	0.094117647	0.014117647	0	0.117058824	0.688235294	0.311764706	1	0.052941176	0	0.805882353	0.8	0.811764706	0.064705882	0.005882353	0
0.777777778	1.76E-05	0	4.69E-05	1.17E-05	0	0	0.145833333	0.011805556	0.013888889	0.06875	0.416666667	0.583333333	1	0.006944444	0.006944444	0.791666667	0.784722222	0.798611111	0.048611111	0	0
0.861445783	3.40E-05	0	3.40E-05	0	0	0	0.259036145	0.005421687	0.072289157	0.035542169	0.204819277	0.795180723	1	0.012048193	0	0.885542169	0.891566265	0.897590361	0.012048193	0	0
0.644329897	5.77E-05	0	0	0	0	0	0.190721649	0.008247423	0	0.062886598	0.649484536	0.350515464	1	0.015463918	0.005154639	0.654639175	0.68556701	0.690721649	0.06185567	0	0
0.906666667	0	0	3.66E-05	0	0	0	0.34	0.003333333	0.166666667	0.041333333	0.1	0.9	1	0.006666667	0	0.96	0.953333333	0.96	0	0	0
0.886524823	0	0	3.43E-05	0	0	0	0.319148936	0.004964539	0.234042553	0.054609929	0.134751773	0.865248227	1	0	0	0.929078014	0.921985816	0.929078014	0.007092199	0	0
0.84375	2.02E-05	0	1.34E-05	0	0	0	0.4	0.004375	0	0.059375	0.25625	0.74375	1	0.0125	0	0.91875	0.88125	0.89375	0.04375	0	0
0.790960452	1.56E-05	0	4.67E-05	2.33E-05	0	0	0.214689266	0.019774011	0	0.12259887	0.717514124	0.282485876	1	0.028248588	0	0.807909605	0.796610169	0.81920904	0.141242938	0.005649718	0
0.775147929	6.10E-05	0	1.02E-05	0	0	0	0.147928994	0.007692308	0	0.040236686	0.485207101	0.514792899	1	0.029585799	0	0.804733728	0.834319527	0.834319527	0.053254438	0	0
0.823899371	4.88E-05	0	4.88E-05	0	0	0	0.150943396	0.008176101	0	0.04591195	0.264150943	0.735849057	1	0.012578616	0	0.855345912	0.867924528	0.874213836	0.031446541	0	0
0.719101124	7.61E-06	6.09E-05	3.04E-05	2.28E-05	0	7.61E-06	0.123595506	0.012359551	0	0.052808989	0.702247191	0.297752809	1	0.039325843	0	0.803370787	0.691011236	0.730337079	0.449438202	0	0
0.767567568	7.26E-05	7.26E-05	2.18E-05	0	0	0	0.243243243	0.006486486	0	0.024324324	0.724324324	0.275675676	1	0.027027027	0	0.843243243	0.854054054	0.854054054	0.075675676	0.005405405	0
0.732484076	8.08E-05	0	1.35E-05	0	0	0	0.121019108	0.011464968	0	0.042675159	0.356687898	0.643312102	1	0.006369427	0.006369427	0.76433121	0.770700637	0.770700637	0.057324841	0	0
0.809210526	7.61E-05	0	1.27E-05	0	0	0	0.144736842	0.014473684	0	0.044078947	0.342105263	0.657894737	1	0.013157895	0	0.861842105	0.868421053	0.875	0.026315789	0	0
0.777070064	1.17E-05	0	2.92E-05	1.17E-05	0	0	0.165605096	0.00955414	0.025477707	0.063694268	0.420382166	0.579617834	1	0.01910828	0	0.802547771	0.770700637	0.78343949	0.070063694	0	0
0.904458599	0	0	2.42E-05	0	0	0	0.27388535	0.005095541	0.01910828	0.061146497	0.159235669	0.840764331	1	0.006369427	0	0.923566879	0.917197452	0.929936306	0.006369427	0	0
0.841772152	2.86E-05	0.000992802	4.77E-05	1.91E-05	0	0	0.164556962	0.010126582	0	0.089873418	0.443037975	0.556962025	1	0.012658228	0	0.886075949	0.85443038	0.879746835	0.075949367	0.006329114	0
0.804469274	2.21E-05	0	7.37E-06	7.37E-06	0	0	0.223463687	0.005027933	0.027932961	0.046368715	0.541899441	0.458100559	1	0.039106145	0.005586592	0.849162011	0.854748603	0.860335196	0.039106145	0.005586592	0
0.803571429	6.76E-05	1.13E-05	2.25E-05	0	0	0	0.357142857	0.005357143	0	0.002380952	0.261904762	0.738095238	1	0.017857143	0	0.880952381	0.857142857	0.869047619	0.035714286	0	0
0.833333333	2.11E-05	0.000105485	0	0	0	0	0.146666667	0.012666667	0	0.105333333	0.546666667	0.453333333	1	0.033333333	0.006666667	0.88	0.866666667	0.886666667	0.04	0.006666667	0
0.769230769	5.71E-05	0	0	0	0	0	0.324175824	0.006043956	0	0	0.340659341	0.659340659	1	0.005494505	0	0.967032967	0.895604396	0.928571429	0.164835165	0.005494505	0
0.930232558	0	0	9.06E-05	0	0	0	0.395348837	0.005426357	0.031007752	0.088372093	0.201550388	0.798449612	1	0.007751938	0	0.945736434	0.92248062	0.937984496	0.015503876	0.007751938	0
0.701657459	5.53E-05	0	4.74E-05	7.90E-06	0	0	0.132596685	0.008287293	0	0	0.397790055	0.602209945	1	0.022099448	0	0.845303867	0.828729282	0.850828729	0.08839779	0	0
0.847953216	2.35E-05	0	2.35E-05	0	0	0	0.263157895	0.004093567	0.005847953	0.043274854	0.222222222	0.777777778	1	0.011695906	0	0.935672515	0.923976608	0.929824561	0.011695906	0	0
0.597938144	1.99E-05	5.97E-05	2.65E-05	0	0	0	0.206185567	0.009278351	0.005154639	0.058762887	0.731958763	0.268041237	1	0.067010309	0.005154639	0.644329897	0.628865979	0.644329897	0.046391753	0	0
0.820689655	6.74E-06	0	4.04E-05	0	0	0	0.179310345	0.008275862	0	0.095172414	0.268965517	0.731034483	1	0.006896552	0	0.827586207	0.84137931	0.84137931	0.020689655	0	0
0.61	0	0.000100719	1.44E-05	2.88E-05	0	0	0.105	0.0235	0	0.0785	0.75	0.25	1	0.04	0	0.58	0.56	0.585	0.115	0	0
0.677777778	1.03E-05	0	0	4.12E-05	0	0	0.072222222	0.017777778	0	0.115555556	0.716666667	0.283333333	1	0.027777778	0.005555556	0.661111111	0.661111111	0.672222222	0.344444444	0	0
0.829931973	0	0	3.48E-05	0	0	1.16E-05	0.224489796	0.007482993	0.054421769	0.048979592	0.408163265	0.591836735	1	0.027210884	0.013605442	0.816326531	0.782312925	0.816326531	0.074829932	0	0
0.748538012	3.51E-05	0	1.17E-05	5.85E-05	0	0	0.093567251	0.019298246	0	0.021637427	0.666666667	0.333333333	1	0.035087719	0.005847953	0.795321637	0.760233918	0.795321637	0.152046784	0.005847953	0
0.901315789	0	0	4.61E-05	0	0	0	0.532894737	0.002631579	0.217105263	0.041447368	0.203947368	0.796052632	1	0.013157895	0	0.960526316	0.940789474	0.953947368	0.006578947	0.006578947	0
0.728723404	6.45E-05	0	1.52E-05	2.28E-05	0	0	0.29787234	0.011702128	0	0.00212766	0.723404255	0.276595745	1	0.021276596	0	0.85106383	0.75	0.845744681	0.313829787	0.005319149	0
0.896103896	0	0	9.04E-06	0	0	0	0.266233766	0.004545455	0.24025974	0.050649351	0.162337662	0.837662338	1	0.012987013	0	0.909090909	0.909090909	0.915584416	0.006493506	0	0
0.76142132	0	0	0	1.36E-05	0	0	0.23857868	0.005583756	0.076142132	0.036040609	0.69035533	0.30964467	1	0.025380711	0	0.807106599	0.781725888	0.796954315	0.040609137	0.005076142	0
0.914285714	0.007142857	0.007149173	0.00718075	0.007142857	0.007142857	0.007142857	0.478571429	0.012857143	0.421428571	0.036428571	0.142857143	0.864285714	1	0.014285714	0.007142857	0.885714286	0.9	0.914285714	0.014285714	0	0
0.772151899	1.95E-05	0	4.88E-05	4.88E-05	0	0	0.113924051	0.018987342	0	0.102531646	0.620253165	0.379746835	1	0.044303797	0	0.803797468	0.759493671	0.784810127	0.17721519	0	0
0.755319149	6.70E-05	0.000268192	1.12E-05	0	0	0	0.20212766	0.005851064	0	0	0.404255319	0.595744681	1	0.010638298	0	0.936170213	0.920212766	0.936170213	0.058510638	0.005319149	0
0.793939394	4.59E-05	2.29E-05	2.29E-05	7.64E-06	0	0	0.333333333	0.013939394	0	0	0.339393939	0.660606061	1	0.018181818	0	0.787878788	0.836363636	0.854545455	0.151515152	0	0
0.857142857	7.35E-06	0	2.94E-05	0	0	0	0.267857143	0.004761905	0.011904762	0.068452381	0.178571429	0.821428571	1	0.017857143	0	0.964285714	0.93452381	0.952380952	0.029761905	0.005952381	0
0.84375	1.33E-05	0	2.00E-05	0	0	0	0.4	0.00375	0	0.06375	0.25625	0.74375	1	0.01875	0	0.91875	0.88125	0.89375	0.04375	0	0
0.664921466	3.42E-05	0	2.57E-05	3.42E-05	0	0	0.083769634	0.017801047	0	0	0.722513089	0.277486911	1	0.057591623	0	0.80104712	0.64921466	0.680628272	0.712041885	0	0
0.883211679	0	0	5.79E-05	5.79E-05	0	0	0.204379562	0.010218978	0	0.041605839	0.489051095	0.510948905	1	0.01459854	0.00729927	0.832116788	0.817518248	0.846715328	0.153284672	0.00729927	0
0.613065327	1.51E-05	3.02E-05	3.02E-05	3.02E-05	0	0	0.110552764	0.035175879	0	0.083417085	0.748743719	0.251256281	1	0.035175879	0	0.648241206	0.592964824	0.623115578	0.376884422	0	0
0.91025641	0	3.29E-05	0	0	0	0	0.365384615	0.005128205	0.205128205	0.092948718	0.641025641	0.358974359	1	0.064102564	0	0.923076923	0.91025641	0.923076923	0.019230769	0.006410256	0
0.464435146	0.004198903	0.004186567	0.004223573	0.004196436	0.0041841	0.0041841	0.271966527	0.011715481	0.0041841	0.032635983	0.740585774	0.263598326	1	0.033472803	0.0041841	0.464435146	0.447698745	0.464435146	0.154811715	0	0
0.85380117	2.68E-05	0	2.68E-05	0	0	0	0.228070175	0.004678363	0.122807018	0.030409357	0.16374269	0.83625731	1	0.011695906	0	0.900584795	0.894736842	0.900584795	0.005847953	0	0
0.802631579	0.000102911	0	7.35E-06	0	0	0	0.144736842	0.014473684	0	0.0125	0.342105263	0.657894737	1	0.006578947	0	0.861842105	0.875	0.881578947	0.032894737	0	0
0.80794702	4.17E-05	0	2.08E-05	0	0	0	0.132450331	0.013245033	0	0.065562914	0.284768212	0.715231788	1	0	0	0.867549669	0.854304636	0.860927152	0.026490066	0	0
0.69	8.62E-05	0	2.65E-05	0	0	0	0.175	0.0265	0	0.0225	0.74	0.26	1	0.055	0.01	0.73	0.785	0.805	0.36	0.005	0
0.651515152	5.71E-05	0.000445633	2.29E-05	0	0	0	0.181818182	0.007575758	0	0	0.5	0.5	1	0.015151515	0.005050505	0.939393939	0.823232323	0.853535354	0.535353535	0.005050505	0
0.891156463	0.006802721	0.006812104	0.006802721	0.006802721	0.006802721	0.006802721	0.408163265	0.00952381	0.238095238	0.053061224	0.149659864	0.857142857	1	0.013605442	0.006802721	0.884353741	0.904761905	0.911564626	0.027210884	0	0
0.898305085	0	0	3.21E-05	0	0	0	0.322033898	0.002824859	0	0.045762712	0.124293785	0.875706215	1	0.005649718	0	0.960451977	0.943502825	0.949152542	0.011299435	0	0
0.905063291	0	0	2.35E-05	0	0	0	0.417721519	0.002531646	0.03164557	0.063291139	0.151898734	0.848101266	1	0.006329114	0	0.911392405	0.911392405	0.917721519	0.006329114	0	0
0.808139535	6.57E-05	9.39E-06	5.64E-05	4.70E-05	0	0	0.296511628	0.011046512	0	0	0.558139535	0.441860465	1	0.029069767	0	0.854651163	0.790697674	0.819767442	0.244186047	0.005813953	0
0.84375	3.88E-05	1.11E-05	4.98E-05	0	0	0	0.39375	0.005	0	0.059375	0.25	0.75	1	0.00625	0	0.91875	0.88125	0.90625	0.0375	0	0
0.86	2.56E-05	3.84E-05	0	0	0	0	0.406666667	0.002666667	0.033333333	0.038666667	0.193333333	0.806666667	1	0.013333333	0	0.953333333	0.913333333	0.926666667	0.046666667	0	0
0.877419355	0	0	6.05E-05	0	0	0	0.503225806	0.002580645	0.174193548	0.029677419	0.277419355	0.722580645	1	0.025806452	0	0.890322581	0.883870968	0.896774194	0	0	0
0.832167832	0	0	1.62E-05	0	0	0	0.174825175	0.009090909	0.062937063	0.065034965	0.27972028	0.72027972	1	0.020979021	0	0.881118881	0.853146853	0.867132867	0.027972028	0	0
0.777070064	1.57E-05	0	3.15E-05	1.57E-05	0	0	0.146496815	0.010828025	0.01910828	0.059235669	0.464968153	0.535031847	1	0.01910828	0	0.802547771	0.770700637	0.777070064	0.089171975	0	0
0.714285714	5.66E-05	5.66E-05	9.43E-06	0	0	0	0.285714286	0.005142857	0	0.014285714	0.674285714	0.325714286	1	0.045714286	0	0.76	0.754285714	0.76	0.022857143	0	0
0.802325581	1.66E-05	1.11E-05	3.32E-05	3.87E-05	0	0	0.290697674	0.013372093	0	0.026744186	0.593023256	0.406976744	1	0.040697674	0	0.802325581	0.784883721	0.813953488	0.151162791	0.005813953	0
0.71	7.80E-05	0.000356347	0	1.11E-05	0	0	0.16	0.0155	0	0.008	0.745	0.255	1	0.05	0	0.835	0.77	0.8	0.275	0.005	0
0.782051282	3.03E-05	0	0	0	0	0	0.128205128	0.013461538	0	0.062820513	0.352564103	0.647435897	1	0.025641026	0.006410256	0.814102564	0.807692308	0.814102564	0.044871795	0	0
0.838709677	1.38E-05	5.50E-05	0	0	0	0	0.296774194	0.007741935	0	0.104516129	0.612903226	0.387096774	1	0.051612903	0	0.877419355	0.858064516	0.870967742	0.051612903	0.006451613	0
0.744791667	0.005220823	0.005208333	0.005245803	0.005208333	0.005208333	0.005208333	0.223958333	0.010416667	0.005208333	0.06875	0.322916667	0.682291667	1	0.026041667	0.005208333	0.776041667	0.770833333	0.78125	0.015625	0	0
0.680952381	1.00E-05	0.000246132	5.02E-06	4.02E-05	0	0	0.304761905	0.018095238	0	0.006190476	0.680952381	0.319047619	1	0.047619048	0.00952381	0.69047619	0.528571429	0.70952381	0.233333333	0	0
0.850649351	3.30E-05	0.000469708	4.94E-05	1.65E-05	0	0	0.181818182	0.009090909	0	0.083766234	0.428571429	0.571428571	1	0.032467532	0	0.876623377	0.87012987	0.88961039	0.045454545	0.006493506	0
0.788571429	9.76E-06	0	3.90E-05	2.93E-05	0	0	0.182857143	0.006285714	0.091428571	0.037714286	0.445714286	0.554285714	1	0.028571429	0	0.828571429	0.794285714	0.822857143	0.091428571	0	0
0.826347305	2.40E-05	0	0	1.60E-05	0	0	0.275449102	0.005988024	0.095808383	0.023353293	0.694610778	0.305389222	1	0.035928144	0.017964072	0.904191617	0.862275449	0.904191617	0.179640719	0.005988024	0
0.880794702	9.78E-06	0	3.91E-05	0	0	0	0.331125828	0.005298013	0.033112583	0.074834437	0.377483444	0.622516556	1	0.01986755	0	0.900662252	0.900662252	0.907284768	0.006622517	0.006622517	0
0.753246753	0.006522845	0.006493506	0.006522845	0.006493506	0.006493506	0.006493506	0.149350649	0.016233766	0.006493506	0.092207792	0.337662338	0.668831169	1	0.019480519	0.006493506	0.733766234	0.772727273	0.766233766	0.077922078	0	0
0.829931973	1.90E-05	0	1.90E-05	0	0	0	0.217687075	0.008163265	0	0.059183673	0.353741497	0.646258503	1	0.020408163	0.006802721	0.836734694	0.829931973	0.843537415	0.027210884	0	0
0.886227545	1.42E-05	0	3.54E-05	0	0	0	0.323353293	0.004191617	0.089820359	0.053892216	0.311377246	0.688622754	1	0.041916168	0.005988024	0.916167665	0.910179641	0.922155689	0.017964072	0.005988024	0
0.718390805	8.69E-05	5.79E-05	2.90E-05	1.45E-05	0	0	0.126436782	0.012068966	0	0	0.614942529	0.385057471	1	0.022988506	0	0.770114943	0.781609195	0.793103448	0.091954023	0	0
0.655	6.10E-05	0.000271003	1.36E-05	0	0	0	0.185	0.007	0	0.0185	0.675	0.325	1	0.025	0.005	0.695	0.77	0.74	0.35	0	0
0.734463277	2.86E-05	0.002651131	2.86E-05	2.38E-05	0	4.76E-06	0.163841808	0.00960452	0	0.044067797	0.632768362	0.367231638	1	0.033898305	0.005649718	0.751412429	0.728813559	0.751412429	0.152542373	0	0
0.592783505	2.16E-05	0	4.33E-05	8.66E-06	0	4.33E-06	0.118556701	0.009793814	0	0.043814433	0.634020619	0.365979381	1	0.020618557	0	0.675257732	0.664948454	0.680412371	0.304123711	0	0
0.78021978	4.58E-05	5.04E-05	1.83E-05	0	0	0	0.247252747	0.006043956	0.010989011	0.047802198	0.71978022	0.28021978	1	0.027472527	0	0.802197802	0.840659341	0.835164835	0.104395604	0.005494505	0
0.790849673	3.22E-05	0	5.37E-05	1.07E-05	0	0	0.241830065	0.005882353	0	0.049019608	0.464052288	0.535947712	1	0.032679739	0	0.980392157	0.836601307	0.849673203	0.444444444	0.006535948	0
0.873493976	2.35E-05	0	3.91E-05	0	0	0	0.331325301	0.003614458	0.048192771	0.039759036	0.439759036	0.560240964	1	0.030120482	0	0.897590361	0.903614458	0.909638554	0.006024096	0.006024096	0
0.926829268	0	0	1.46E-05	0	0	0	0.359756098	0.00304878	0.304878049	0.055487805	0.219512195	0.780487805	1	0.012195122	0	0.975609756	0.957317073	0.975609756	0.012195122	0.006097561	0
0.712765957	4.02E-05	1.15E-05	1.72E-05	2.87E-05	0	0	0.335106383	0.004787234	0	0.013297872	0.531914894	0.468085106	1	0.042553191	0	0.803191489	0.744680851	0.776595745	0.191489362	0	0
0.84375	2.12E-05	0	4.24E-05	0	0	0	0.18125	0.008125	0	0.065	0.23125	0.76875	1	0.01875	0	0.8625	0.86875	0.875	0.01875	0	0
0.872727273	7.18E-06	0	2.87E-05	0	0	0	0.181818182	0.006666667	0	0.081818182	0.260606061	0.739393939	1	0	0	0.896969697	0.890909091	0.903030303	0.018181818	0	0
0.842465753	5.71E-05	0	2.86E-05	0	0	0	0.267123288	0.014383562	0	0.145890411	0.602739726	0.397260274	1	0.047945205	0	0.869863014	0.869863014	0.883561644	0.095890411	0.006849315	0
0.735632184	3.48E-05	5.97E-05	2.49E-05	2.99E-05	0	4.98E-06	0.126436782	0.012643678	0	0.036206897	0.626436782	0.373563218	1	0.040229885	0	0.82183908	0.724137931	0.770114943	0.402298851	0	0
0.789473684	4.24E-05	0	2.55E-05	0	0	0	0.339181287	0.004678363	0	0.043859649	0.292397661	0.707602339	1	0.01754386	0	0.859649123	0.85380117	0.859649123	0.046783626	0	0
0.753012048	2.89E-05	0	2.16E-05	0	0	0	0.168674699	0.007228916	0	0.047590361	0.524096386	0.475903614	1	0.024096386	0	0.789156627	0.795180723	0.795180723	0.048192771	0	0
0.769662921	2.64E-05	0	2.64E-05	8.79E-06	0	0	0.202247191	0.00505618	0	0.028089888	0.353932584	0.646067416	1	0.02247191	0	0.831460674	0.831460674	0.837078652	0.050561798	0	0
0.575757576	5.34E-05	0	5.34E-05	0	0	0	0.090909091	0.015151515	0	0.075252525	0.616161616	0.383838384	1	0.02020202	0.005050505	0.732323232	0.737373737	0.742424242	0.328282828	0	0
0.804469274	2.94E-05	0	2.94E-05	4.90E-06	0	0	0.229050279	0.005027933	0.033519553	0.027374302	0.351955307	0.648044693	1	0.033519553	0.005586592	0.865921788	0.854748603	0.860335196	0.027932961	0	0
0.883870968	0.006461329	0.006451613	0.006490478	0.006451613	0.006451613	0.006451613	0.296774194	0.010322581	0.316129032	0.034193548	0.129032258	0.877419355	1	0.019354839	0.006451613	0.916129032	0.916129032	0.922580645	0.006451613	0	0
0.954887218	0	0	3.97E-05	0	0	0	0.488721805	0.005263158	0.413533835	0.026315789	0.097744361	0.902255639	1	0.007518797	0	0.947368421	0.947368421	0.954887218	0	0	0
0.802631579	0	0	2.35E-05	0	0	0	0.151315789	0.010526316	0.006578947	0.111184211	0.269736842	0.730263158	1	0.013157895	0	0.822368421	0.835526316	0.835526316	0.026315789	0	0
0.697802198	4.46E-05	0	3.71E-05	1.49E-05	0	0	0.120879121	0.011538462	0	0.124725275	0.653846154	0.346153846	1	0.032967033	0	0.71978022	0.730769231	0.741758242	0.175824176	0	0
0.841772152	4.46E-05	0.003041986	3.34E-05	1.11E-05	0	0	0.202531646	0.010126582	0	0.053164557	0.569620253	0.430379747	1	0.025316456	0	0.841772152	0.841772152	0.85443038	0.113924051	0.006329114	0
0.869281046	3.02E-05	0	3.02E-05	2.41E-05	0	0	0.176470588	0.011764706	0	0.116339869	0.60130719	0.39869281	1	0.032679739	0.006535948	0.928104575	0.875816993	0.91503268	0.189542484	0.006535948	0
0.728723404	7.36E-05	0	1.70E-05	2.83E-05	0	0	0.303191489	0.009574468	0	0.00212766	0.723404255	0.276595745	1	0.037234043	0.005319149	0.776595745	0.755319149	0.835106383	0.281914894	0.005319149	0
0.792899408	8.79E-06	0	1.76E-05	2.64E-05	0	0	0.171597633	0.009467456	0	0.030769231	0.603550296	0.396449704	1	0.059171598	0.00591716	0.869822485	0.804733728	0.846153846	0.266272189	0.00591716	0
0.850340136	2.25E-05	0	3.00E-05	0	0	0	0.217687075	0.006802721	0.034013605	0.072789116	0.319727891	0.680272109	1	0.006802721	0	0.857142857	0.863945578	0.870748299	0.020408163	0	0
0.677777778	2.30E-05	0	7.66E-06	3.07E-05	0	0	0.072222222	0.016666667	0	0.117222222	0.716666667	0.283333333	1	0.033333333	0.005555556	0.677777778	0.677777778	0.683333333	0.3	0	0
0.904761905	0	6.99E-06	2.80E-05	0	0	0	0.517006803	0.005442177	0.197278912	0.036054422	0.115646259	0.884353741	1	0.006802721	0	0.925170068	0.918367347	0.931972789	0	0	0
0.890322581	0	0	2.54E-05	0	0	0	0.122580645	0.014193548	0	0.11483871	0.290322581	0.709677419	1	0.019354839	0	0.929032258	0.909677419	0.922580645	0.038709677	0.006451613	0
0.792899408	0	0	1.41E-05	2.82E-05	0	0	0.177514793	0.009467456	0	0.028402367	0.603550296	0.396449704	1	0.059171598	0.01183432	0.875739645	0.798816568	0.840236686	0.295857988	0.00591716	0
0.857142857	0	6.13E-05	0	0	0	0	0.236024845	0.007453416	0	0.122360248	0.559006211	0.440993789	1	0.01863354	0	0.894409938	0.875776398	0.881987578	0.031055901	0.00621118	0
0.851190476	6.11E-05	0	8.73E-06	0	0	0	0.351190476	0.004761905	0	0.042857143	0.428571429	0.571428571	1	0.017857143	0	0.904761905	0.869047619	0.892857143	0.047619048	0.005952381	0
0.719101124	0	8.73E-05	5.45E-05	4.36E-05	0	1.09E-05	0.08988764	0.016292135	0	0.043820225	0.702247191	0.297752809	1	0.050561798	0	0.747191011	0.640449438	0.679775281	0.415730337	0	0
0.85915493	0	0	0	7.18E-06	0	0	0.14084507	0.012676056	0	0.097183099	0.274647887	0.725352113	1	0.007042254	0	0.845070423	0.838028169	0.852112676	0.021126761	0	0
0.862068966	5.18E-05	0.000103535	5.75E-06	0	0	0	0.331034483	0.005517241	0	0.033793103	0.434482759	0.565517241	1	0.062068966	0	0.917241379	0.910344828	0.917241379	0.020689655	0.006896552	0
0.862745098	5.63E-06	0	3.38E-05	2.81E-05	0	0	0.163398693	0.012418301	0	0.12875817	0.647058824	0.352941176	1	0.039215686	0	0.869281046	0.830065359	0.869281046	0.222222222	0.006535948	0
0.813333333	3.41E-05	0	2.56E-05	1.71E-05	0	0	0.213333333	0.008	0	0.043333333	0.38	0.62	1	0.013333333	0	0.886666667	0.866666667	0.893333333	0.08	0.006666667	0
0.775147929	4.57E-05	1.37E-05	2.29E-05	9.15E-06	0	0	0.325443787	0.011242604	0	0.014201183	0.50295858	0.49704142	1	0.035502959	0	0.887573964	0.822485207	0.852071006	0.147928994	0.00591716	0
0.794117647	4.90E-05	0	4.28E-05	2.45E-05	0	0	0.152941176	0.009411765	0	0.035294118	0.623529412	0.376470588	1	0.023529412	0.011764706	0.829411765	0.811764706	0.829411765	0.094117647	0.005882353	0
0.847058824	2.98E-05	7.45E-06	0	0	0	0	0.394117647	0.005294118	0	0.057058824	0.576470588	0.423529412	1	0.023529412	0	0.858823529	0.864705882	0.876470588	0.023529412	0.005882353	0
0.820987654	0	2.02E-05	3.03E-05	2.52E-05	0	0	0.382716049	0.012345679	0	0.009876543	0.617283951	0.382716049	1	0.018518519	0	0.820987654	0.734567901	0.790123457	0.271604938	0	0
0.64321608	0.005025126	0.005025126	0.005056533	0.005025126	0.005025126	0.005025126	0.125628141	0.013567839	0.005025126	0.084422111	0.462311558	0.542713568	1	0.050251256	0.005025126	0.683417085	0.688442211	0.698492462	0.040201005	0	0
0.817679558	1.97E-05	0	2.95E-05	0	0	0	0.20441989	0.00441989	0	0.039226519	0.215469613	0.784530387	1	0.005524862	0	0.867403315	0.867403315	0.878453039	0.016574586	0	0
0.828220859	4.55E-05	1.14E-05	3.98E-05	0	0	0	0.36809816	0.006134969	0	0.03190184	0.245398773	0.754601227	1	0	0	0.90797546	0.871165644	0.889570552	0.042944785	0	0
0.681372549	5.43E-05	4.94E-06	3.46E-05	0	0	0	0.259803922	0.007352941	0	0.102941176	0.524509804	0.475490196	1	0.034313725	0	0.745098039	0.759803922	0.75	0.191176471	0	0
0.575757576	3.38E-05	0	5.07E-05	1.13E-05	0	5.63E-06	0.095959596	0.014141414	0	0.061616162	0.641414141	0.358585859	1	0.025252525	0	0.732323232	0.671717172	0.686868687	0.575757576	0	0
0.90625	0	0	3.26E-05	1.09E-05	0	0	0.3359375	0.00625	0.1953125	0.04375	0.5625	0.4375	1	0.046875	0	0.9375	0.921875	0.9453125	0.0234375	0.0078125	0
0.820689655	0	0	4.23E-05	0	0	0	0.165517241	0.009655172	0	0.106896552	0.268965517	0.731034483	1	0.020689655	0	0.862068966	0.855172414	0.868965517	0.020689655	0	0
0.813953488	5.80E-05	3.48E-05	1.74E-05	0	0	0	0.302325581	0.009302326	0	0.094186047	0.604651163	0.395348837	1	0	0	0.837209302	0.854651163	0.854651163	0.081395349	0.005813953	0
0.858108108	3.97E-05	2.98E-05	0	0	0	0	0.324324324	0.007432432	0	0.100675676	0.567567568	0.432432432	1	0.013513514	0	0.858108108	0.891891892	0.905405405	0.074324324	0.006756757	0
0.642458101	1.69E-05	0	4.51E-05	1.13E-05	0	5.63E-06	0.134078212	0.008938547	0	0.056424581	0.603351955	0.396648045	1	0.016759777	0.011173184	0.74301676	0.681564246	0.720670391	0.251396648	0	0
0.824561404	3.34E-05	0	3.90E-05	0	0	0	0.339181287	0.003508772	0	0.047368421	0.228070175	0.771929825	1	0	0	0.894736842	0.894736842	0.906432749	0.01754386	0	0
0.81871345	0.00588778	0.005847953	0.005874505	0.005847953	0.005847953	0.005847953	0.228070175	0.011111111	0.005847953	0.047368421	0.204678363	0.801169591	1	0.011695906	0.005847953	0.847953216	0.859649123	0.859649123	0.029239766	0	0
0.689655172	1.96E-05	0.000112593	2.45E-05	0	0	0	0.206896552	0.00862069	0	0.077586207	0.643678161	0.356321839	1	0.034482759	0	0.683908046	0.74137931	0.718390805	0.24137931	0	0
0.860759494	3.28E-05	0	1.97E-05	2.62E-05	0	0	0.234177215	0.007594937	0	0.05443038	0.594936709	0.405063291	1	0.012658228	0	0.879746835	0.867088608	0.892405063	0.132911392	0.006329114	0
0.636363636	0.00510002	0.005083515	0.005058758	0.005050505	0.005050505	0.005050505	0.101010101	0.014646465	0.005050505	0.039393939	0.48989899	0.515151515	1	0.045454545	0.01010101	0.676767677	0.666666667	0.676767677	0.03030303	0	0
0.781725888	1.50E-05	0	1.50E-05	0	0	0	0.223350254	0.010152284	0	0.181218274	0.746192893	0.253807107	1	0.040609137	0.025380711	0.776649746	0.78680203	0.796954315	0.116751269	0.005076142	0
0.882716049	0	0	1.79E-05	0	0	0	0.407407407	0.002469136	0.024691358	0.07654321	0.345679012	0.654320988	1	0.024691358	0.00617284	0.895061728	0.888888889	0.901234568	0.00617284	0.00617284	0
0.807017544	6.10E-05	0	5.09E-05	0	0	0	0.245614035	0.008187135	0	0	0.298245614	0.701754386	1	0	0.005847953	0.918128655	0.894736842	0.906432749	0.046783626	0.005847953	0
0.904458599	0	0	2.72E-05	0	0	0	0.312101911	0.003821656	0.191082803	0.04522293	0.108280255	0.891719745	1	0.006369427	0	0.955414013	0.942675159	0.955414013	0	0	0
0.685714286	3.46E-06	0.000231698	6.92E-06	4.15E-05	0	0	0.30952381	0.017142857	0	0.008095238	0.680952381	0.319047619	1	0.033333333	0.004761905	0.69047619	0.514285714	0.70952381	0.180952381	0	0
0.790849673	2.65E-05	0	6.18E-05	1.77E-05	0	0	0.241830065	0.006535948	0	0.043137255	0.464052288	0.535947712	1	0.039215686	0	0.888888889	0.823529412	0.843137255	0.22875817	0.006535948	0
0.827586207	6.06E-05	0	3.64E-05	0	0	0	0.247126437	0.004597701	0	0.026436782	0.229885057	0.770114943	1	0.011494253	0	0.890804598	0.885057471	0.896551724	0.017241379	0	0
0.84	3.45E-05	2.30E-05	3.45E-05	0	0	0	0.273333333	0.011333333	0	0.142666667	0.666666667	0.333333333	1	0.026666667	0	0.886666667	0.866666667	0.88	0.066666667	0.006666667	0
0.969465649	0	0	4.32E-05	0	0	0	0.496183206	0.003053435	0.511450382	0.032824427	0.091603053	0.908396947	1	0.007633588	0	0.938931298	0.946564885	0.954198473	0	0	0
0.718232044	5.06E-05	0.000223883	2.17E-05	0	0	0	0.237569061	0.005524862	0	0.022651934	0.607734807	0.392265193	1	0.016574586	0	0.845303867	0.790055249	0.806629834	0.093922652	0.005524862	0
0.790849673	4.77E-05	0	6.36E-05	0	0	0	0.267973856	0.005228758	0	0.043137255	0.31372549	0.68627451	1	0.019607843	0	0.980392157	0.882352941	0.895424837	0.209150327	0.006535948	0
0.824561404	1.04E-05	0	4.16E-05	3.12E-05	0	0	0.14619883	0.010526316	0.005847953	0.073684211	0.502923977	0.497076023	1	0.052631579	0	0.847953216	0.824561404	0.847953216	0.099415205	0.005847953	0
0.785714286	7.39E-05	3.36E-05	1.34E-05	0	0	0	0.253246753	0.007792208	0	0.048701299	0.558441558	0.441558442	1	0.045454545	0.006493506	0.863636364	0.863636364	0.876623377	0.051948052	0.006493506	0
0.713567839	7.54E-05	0.000314332	8.38E-06	4.19E-06	0	0	0.180904523	0.009547739	0	0.012562814	0.743718593	0.256281407	1	0.060301508	0	0.904522613	0.824120603	0.859296482	0.266331658	0.005025126	0
0.905797101	0	0	3.12E-05	0	0	0	0.275362319	0.005797101	0.079710145	0.06884058	0.253623188	0.746376812	1	0.014492754	0	0.949275362	0.934782609	0.949275362	0.007246377	0.007246377	0
0.923566879	0	0	0	1.07E-05	0	0	0.363057325	0.003184713	0	0.046496815	0.292993631	0.707006369	1	0.006369427	0.006369427	0.955414013	0.929936306	0.949044586	0.038216561	0.006369427	0
0.879518072	2.83E-06	0	3.40E-05	1.42E-05	0	0	0.295180723	0.005421687	0.192771084	0.052409639	0.481927711	0.518072289	1	0.018072289	0	0.915662651	0.885542169	0.909638554	0.06626506	0.006024096	0
0.829113924	5.75E-05	0.001407534	3.83E-05	9.58E-06	0	0	0.17721519	0.009493671	0	0.034177215	0.550632911	0.449367089	1	0.012658228	0	0.892405063	0.867088608	0.892405063	0.063291139	0.006329114	0
0.63	0.005020921	0.005	0.005027894	0.005	0.005	0.005	0.16	0.0115	0.005	0.0615	0.43	0.575	1	0.02	0.005	0.635	0.66	0.665	0.05	0	0
0.819444444	0	0	4.91E-05	0	0	0	0.180555556	0.008333333	0	0.077083333	0.305555556	0.694444444	1	0.020833333	0	0.833333333	0.826388889	0.833333333	0.013888889	0	0
0.8	3.23E-05	0	4.84E-05	0	0	0	0.113513514	0.00972973	0	0.083783784	0.302702703	0.697297297	1	0.010810811	0	0.848648649	0.837837838	0.843243243	0.037837838	0	0
0.786982249	1.52E-05	0	2.27E-05	2.27E-05	0	0	0.177514793	0.00887574	0	0.031360947	0.603550296	0.396449704	1	0.053254438	0.00591716	0.869822485	0.810650888	0.852071006	0.236686391	0.00591716	0
0.850299401	6.80E-06	2.04E-05	6.80E-06	1.36E-05	0	0	0.329341317	0.007784431	0.05988024	0.05988024	0.688622754	0.311377246	1	0.089820359	0.017964072	0.886227545	0.850299401	0.880239521	0.119760479	0.005988024	0
0.876470588	9.81E-06	0	1.47E-05	0	0	0	0.3	0.005882353	0.047058824	0.110588235	0.582352941	0.417647059	1	0.023529412	0	0.888235294	0.9	0.905882353	0.041176471	0.005882353	0
0.814814815	3.09E-05	8.83E-06	1.32E-05	0	0	0	0.253968254	0.003703704	0	0.039153439	0.349206349	0.650793651	1	0.015873016	0.010582011	0.851851852	0.867724868	0.867724868	0.042328042	0	0
0.820224719	2.86E-05	0	2.86E-05	0	0	0	0.219101124	0.00505618	0.101123596	0.029213483	0.247191011	0.752808989	1	0.028089888	0	0.865168539	0.865168539	0.870786517	0.02247191	0	0
0.728723404	7.30E-05	0	1.56E-05	2.09E-05	0	0	0.303191489	0.009574468	0	0.00106383	0.723404255	0.276595745	1	0.037234043	0	0.776595745	0.771276596	0.856382979	0.244680851	0.005319149	0
0.819767442	4.65E-05	0.000139535	9.30E-06	9.30E-06	0	0	0.290697674	0.005232558	0.005813953	0.025	0.662790698	0.337209302	1	0.040697674	0	0.860465116	0.854651163	0.877906977	0.040697674	0.005813953	0
0.748538012	0	3.62E-05	5.17E-05	5.17E-05	0	0	0.368421053	0.014619883	0	0.007017544	0.625730994	0.374269006	1	0.023391813	0.005847953	0.754385965	0.67251462	0.748538012	0.099415205	0	0
0.786666667	6.65E-06	0	4.66E-05	6.65E-06	0	0	0.166666667	0.008666667	0	0.072666667	0.406666667	0.593333333	1	0.033333333	0	0.8	0.793333333	0.8	0.04	0	0
0.76875	7.48E-05	1.76E-05	3.96E-05	0	0	0	0.34375	0.01375	0	0.015	0.46875	0.53125	1	0.05	0	0.84375	0.825	0.85	0.05	0.00625	0
0.862068966	7.68E-06	0	2.30E-05	0	0	0	0.255172414	0.005517241	0.082758621	0.06	0.289655172	0.710344828	1	0.013793103	0	0.903448276	0.889655172	0.910344828	0.006896552	0.006896552	0
0.807692308	3.89E-05	0	6.11E-05	0	0	0	0.173076923	0.008333333	0	0.040384615	0.275641026	0.724358974	1	0.019230769	0	0.826923077	0.858974359	0.858974359	0.064102564	0	0
0.780898876	7.07E-05	0	5.30E-05	0	0	0	0.280898876	0.00505618	0	0.075280899	0.398876404	0.601123596	1	0.02247191	0	0.91011236	0.859550562	0.887640449	0.140449438	0.005617978	0
0.64321608	6.56E-05	0	1.31E-05	1.31E-05	0	0	0.170854271	0.024623116	0	0.08040201	0.738693467	0.261306533	1	0.035175879	0.010050251	0.668341709	0.778894472	0.819095477	0.688442211	0.005025126	0
0.81595092	3.29E-05	0	4.93E-05	1.64E-05	0	0	0.190184049	0.00797546	0	0.078527607	0.36809816	0.63190184	1	0.012269939	0	0.858895706	0.852760736	0.858895706	0.061349693	0	0
0.614035088	8.43E-06	1.27E-05	2.53E-05	2.53E-05	0	0	0.271929825	0.007017544	0	0.039912281	0.671052632	0.328947368	1	0.039473684	0	0.622807018	0.51754386	0.622807018	0.087719298	0	0
0.758426966	5.33E-05	0	3.04E-05	1.52E-05	0	0	0.134831461	0.014044944	0	0.021910112	0.550561798	0.449438202	1	0.02247191	0.011235955	0.803370787	0.803370787	0.820224719	0.084269663	0	0
0.621761658	6.41E-05	0.000441876	7.13E-06	0	0	0	0.186528497	0.010880829	0	0.004663212	0.725388601	0.274611399	1	0.067357513	0	0.865284974	0.78238342	0.81865285	0.29015544	0.005181347	0
0.880794702	0	6.52E-05	3.26E-05	0	0	0	0.463576159	0.017880795	0.026490066	0.009933775	0.397350993	0.602649007	1	0.052980132	0.006622517	0.887417219	0.860927152	0.894039735	0.006622517	0.006622517	0
0.798742138	0	0	3.24E-05	3.24E-05	0	0	0.119496855	0.014465409	0	0.159748428	0.490566038	0.509433962	1	0.025157233	0	0.823899371	0.786163522	0.805031447	0.119496855	0	0
0.850340136	0	0	5.44E-05	0	0	0	0.217687075	0.007482993	0.020408163	0.088435374	0.346938776	0.653061224	1	0.027210884	0	0.857142857	0.850340136	0.863945578	0.013605442	0	0
0.873239437	3.20E-05	0.000106701	1.07E-05	0	0	0	0.323943662	0.005633803	0	0.052816901	0.366197183	0.633802817	1	0.028169014	0	0.908450704	0.915492958	0.922535211	0.014084507	0.007042254	0
0.876470588	7.39E-06	0	4.43E-05	0	0	0	0.323529412	0.002941176	0.111764706	0.037647059	0.135294118	0.864705882	1	0.011764706	0	0.911764706	0.911764706	0.917647059	0	0	0
0.75	4.46E-05	0	5.95E-05	0	0	0	0.164772727	0.009090909	0	0.042045455	0.522727273	0.477272727	1	0.017045455	0	0.880681818	0.835227273	0.852272727	0.096590909	0.005681818	0
0.790849673	2.32E-05	0	5.79E-05	2.89E-05	0	0	0.222222222	0.007189542	0	0.041176471	0.54248366	0.45751634	1	0.032679739	0.006535948	0.830065359	0.803921569	0.823529412	0.189542484	0.006535948	0
0.71657754	5.00E-05	7.69E-06	3.46E-05	2.69E-05	0	0	0.315508021	0.006417112	0	0.003208556	0.529411765	0.470588235	1	0.026737968	0	0.807486631	0.77540107	0.807486631	0.22459893	0	0
0.898648649	0	4.08E-05	4.89E-05	0	0	0	0.459459459	0.02027027	0.006756757	0.008783784	0.385135135	0.614864865	1	0.054054054	0	0.898648649	0.871621622	0.905405405	0.013513514	0.006756757	0
0.820689655	1.99E-05	0	3.98E-05	0	0	0	0.172413793	0.008965517	0	0.095172414	0.268965517	0.731034483	1	0	0	0.827586207	0.848275862	0.848275862	0.034482759	0	0
0.764367816	3.95E-05	0.002616819	1.97E-05	1.97E-05	0	0	0.143678161	0.009770115	0	0.076436782	0.609195402	0.390804598	1	0.040229885	0.005747126	0.82183908	0.75862069	0.793103448	0.235632184	0	0
0.912162162	0	0	4.88E-05	6.10E-06	0	0	0.391891892	0.003378378	0.216216216	0.041216216	0.209459459	0.790540541	1	0.027027027	0	0.945945946	0.939189189	0.952702703	0.006756757	0.006756757	0
0.748538012	0	2.07E-05	4.83E-05	4.83E-05	0	0	0.374269006	0.011695906	0	0	0.584795322	0.415204678	1	0.023391813	0.011695906	0.713450292	0.65497076	0.719298246	0.116959064	0	0
0.794701987	5.47E-05	0	1.82E-05	0	0	0	0.132450331	0.011258278	0	0.038410596	0.278145695	0.721854305	1	0.013245033	0	0.80794702	0.834437086	0.82781457	0.052980132	0	0
0.833333333	0	6.21E-06	1.86E-05	4.34E-05	0	0	0.363095238	0.008333333	0	0.05952381	0.625	0.375	1	0.047619048	0	0.845238095	0.744047619	0.851190476	0.136904762	0.005952381	0
0.661538462	5.04E-05	0.000218221	1.68E-05	0	0	0	0.184615385	0.007179487	0	0.048205128	0.717948718	0.282051282	1	0.025641026	0.015384615	0.733333333	0.758974359	0.733333333	0.266666667	0	0
0.823899371	4.41E-05	0.000338372	2.94E-05	7.36E-06	0	0	0.213836478	0.013836478	0	0.119496855	0.672955975	0.327044025	1	0.012578616	0	0.836477987	0.849056604	0.86163522	0.13836478	0.006289308	0
0.846153846	2.00E-05	3.00E-05	4.00E-05	0	0	0	0.371794872	0.003205128	0.147435897	0.05	0.230769231	0.769230769	1	0.012820513	0	0.852564103	0.865384615	0.858974359	0.019230769	0	0
0.718390805	4.05E-05	4.05E-05	3.04E-05	4.05E-05	0	5.06E-06	0.120689655	0.013218391	0	0.024712644	0.614942529	0.385057471	1	0.040229885	0	0.82183908	0.718390805	0.770114943	0.454022989	0	0
0.834355828	0	0	5.19E-05	2.96E-05	0	0	0.196319018	0.00797546	0	0.107361963	0.625766871	0.374233129	1	0.042944785	0	0.834355828	0.81595092	0.840490798	0.104294479	0.006134969	0
0.880503145	0	1.48E-05	2.22E-05	5.19E-05	0	0	0.389937107	0.008805031	0	0.03081761	0.58490566	0.41509434	1	0.031446541	0.006289308	0.893081761	0.842767296	0.905660377	0.188679245	0.006289308	0
0.882352941	1.56E-05	0	3.12E-05	0	0	0	0.274509804	0.005228758	0.045751634	0.055555556	0.222222222	0.777777778	1	0.019607843	0	0.928104575	0.91503268	0.928104575	0.006535948	0	0
0.748538012	0	4.16E-05	4.16E-05	4.16E-05	0	0	0.374269006	0.012865497	0	0	0.49122807	0.50877193	1	0.029239766	0.005847953	0.754385965	0.69005848	0.730994152	0.076023392	0	0
0.78313253	5.17E-05	0.000147831	2.22E-05	0	0	0	0.277108434	0.015060241	0	0.168674699	0.686746988	0.313253012	1	0.012048193	0	0.807228916	0.831325301	0.837349398	0.138554217	0.006024096	0
0.87654321	1.24E-05	0	4.98E-05	0	0	0	0.296296296	0.004320988	0	0.054320988	0.240740741	0.759259259	1	0.018518519	0	0.919753086	0.907407407	0.919753086	0.012345679	0	0
0.847133758	0	0	4.81E-05	0	0	0	0.261146497	0.006369427	0.031847134	0.184076433	0.464968153	0.535031847	1	0.050955414	0.012738854	0.891719745	0.866242038	0.891719745	0.050955414	0.006369427	0
0.620111732	0.005623878	0.005592806	0.005636306	0.005592806	0.005586592	0.005586592	0.357541899	0.016201117	0.005586592	0.045810056	0.497206704	0.508379888	1	0.027932961	0.005586592	0.603351955	0.648044693	0.642458101	0.273743017	0	0
0.876811594	1.93E-05	5.80E-05	0	0	0	0	0.376811594	0.004347826	0.014492754	0.057971014	0.152173913	0.847826087	1	0	0	0.905797101	0.920289855	0.927536232	0.014492754	0	0
0.798850575	2.60E-05	0	2.60E-05	8.68E-06	0	0	0.212643678	0.007471264	0	0.044827586	0.609195402	0.390804598	1	0.040229885	0.005747126	0.810344828	0.82183908	0.833333333	0.074712644	0.005747126	0
0.855421687	1.78E-05	0	2.67E-05	0	0	0	0.21686747	0.006024096	0.078313253	0.072289157	0.572289157	0.427710843	1	0.030120482	0	0.873493976	0.873493976	0.879518072	0.012048193	0.006024096	0
0.81871345	0.005884865	0.005847953	0.005874319	0.005847953	0.005847953	0.005847953	0.233918129	0.010526316	0.005847953	0.050292398	0.204678363	0.801169591	1	0.011695906	0.005847953	0.847953216	0.859649123	0.859649123	0.023391813	0	0
0.869863014	1.77E-05	0.000115189	3.54E-05	0	0	0	0.452054795	0.028767123	0.034246575	0.002054795	0.157534247	0.842465753	1	0	0	0.910958904	0.863013699	0.917808219	0	0	0
0.910958904	0	0	5.13E-05	5.13E-05	0	0	0.219178082	0.009589041	0	0.067123288	0.294520548	0.705479452	1	0.006849315	0	0.931506849	0.904109589	0.931506849	0.047945205	0.006849315	0
0.864516129	0	0	2.93E-05	4.10E-05	0	0	0.206451613	0.007741935	0.129032258	0.041290323	0.658064516	0.341935484	1	0.032258065	0.006451613	0.877419355	0.825806452	0.870967742	0.193548387	0.006451613	0
0.826086957	1.56E-05	5.21E-06	6.25E-05	2.61E-05	0	0	0.354037267	0.011801242	0	0.038509317	0.559006211	0.440993789	1	0.043478261	0.00621118	0.869565217	0.770186335	0.869565217	0.124223602	0.00621118	0
0.648648649	2.57E-05	0	5.14E-05	0	0	0	0.302702703	0.004864865	0.07027027	0.047027027	0.702702703	0.297297297	1	0.054054054	0	0.675675676	0.691891892	0.702702703	0.043243243	0	0
0.870503597	0	0	2.50E-05	3.75E-05	0	1.25E-05	0.172661871	0.010791367	0	0	0.489208633	0.510791367	1	0.014388489	0	0.884892086	0.762589928	0.776978417	0.381294964	0	0
0.764705882	4.87E-05	8.12E-05	3.25E-05	0	0	0	0.2	0.012352941	0	0.101176471	0.694117647	0.305882353	1	0.029411765	0	0.935294118	0.858823529	0.888235294	0.229411765	0.005882353	0
0.71686747	9.86E-06	0	1.97E-05	0	0	0	0.180722892	0.007831325	0.012048193	0.069879518	0.536144578	0.463855422	1	0.018072289	0.012048193	0.728915663	0.734939759	0.740963855	0.018072289	0	0
0.81097561	1.03E-05	6.18E-05	1.54E-05	1.03E-05	0	0	0.280487805	0.006707317	0	0.093902439	0.420731707	0.579268293	1	0.030487805	0	0.847560976	0.823170732	0.841463415	0.054878049	0	0
0.888888889	7.51E-06	0	3.01E-05	0	0	0	0.235294118	0.005882353	0.013071895	0.067973856	0.189542484	0.810457516	1	0.013071895	0	0.908496732	0.908496732	0.91503268	0.006535948	0	0
0.961538462	0	0	3.11E-05	1.55E-05	0	0	0.246153846	0.007692308	0.115384615	0.046153846	0.253846154	0.746153846	1	0.007692308	0	0.946153846	0.930769231	0.953846154	0.015384615	0.007692308	0
0.85915493	1.69E-05	0	0	0	0	0	0.161971831	0.011267606	0	0.114084507	0.232394366	0.767605634	1	0.014084507	0.007042254	0.887323944	0.894366197	0.901408451	0.021126761	0	0
0.683615819	0.005666873	0.005684028	0.005672591	0.005649718	0.005649718	0.005649718	0.242937853	0.011299435	0.005649718	0.058757062	0.384180791	0.621468927	1	0.04519774	0.005649718	0.700564972	0.745762712	0.723163842	0.18079096	0	0
0.813953488	4.73E-05	3.15E-05	0	0	0	0	0.308139535	0.00872093	0	0.075	0.604651163	0.395348837	1	0.011627907	0	0.848837209	0.854651163	0.854651163	0.069767442	0.005813953	0
0.888888889	0	1.35E-05	5.41E-05	0	0	0	0.437908497	0.009803922	0.071895425	0.030718954	0.248366013	0.751633987	1	0.026143791	0	0.91503268	0.869281046	0.901960784	0.026143791	0	0
0.887323944	0	0	5.69E-05	0	0	0	0.23943662	0.007042254	0	0.107042254	0.232394366	0.767605634	1	0.007042254	0	0.943661972	0.922535211	0.943661972	0.021126761	0.007042254	0
0.906040268	0	0	4.92E-05	6.15E-06	0	0	0.348993289	0.004026846	0.046979866	0.065771812	0.214765101	0.785234899	1	0.006711409	0	0.939597315	0.919463087	0.932885906	0.013422819	0	0
0.898734177	6.89E-06	0	3.44E-05	0	0	0	0.278481013	0.00443038	0.253164557	0.044936709	0.17721519	0.82278481	1	0.018987342	0	0.930379747	0.924050633	0.936708861	0	0	0
0.742424242	3.79E-05	4.63E-05	1.26E-05	0	0	0	0.358585859	0.003535354	0	0.047979798	0.414141414	0.585858586	1	0.01010101	0	0.787878788	0.797979798	0.803030303	0.050505051	0	0
0.658163265	2.55E-05	1.70E-05	4.26E-06	0	0	0	0.173469388	0.008673469	0	0.065816327	0.602040816	0.397959184	1	0.051020408	0	0.698979592	0.693877551	0.698979592	0.030612245	0	0
0.787878788	1.42E-05	7.08E-06	5.31E-05	7.08E-06	0	0	0.315151515	0.016363636	0	0.027878788	0.533333333	0.466666667	1	0.036363636	0	0.842424242	0.787878788	0.824242424	0.090909091	0	0
0.880503145	0	8.92E-06	1.78E-05	4.46E-05	0	0	0.389937107	0.00754717	0	0.024528302	0.58490566	0.41509434	1	0.031446541	0.012578616	0.893081761	0.855345912	0.905660377	0.163522013	0.006289308	0
0.769662921	3.60E-05	1.03E-05	2.57E-05	1.54E-05	0	0	0.325842697	0.008426966	0	0.029213483	0.612359551	0.387640449	1	0.028089888	0.005617978	0.831460674	0.803370787	0.842696629	0.275280899	0.005617978	0
0.802325581	4.61E-05	0	0	1.54E-05	0	0	0.284883721	0.009302326	0	0.027325581	0.534883721	0.465116279	1	0.023255814	0.005813953	0.825581395	0.825581395	0.843023256	0.122093023	0.005813953	0
0.777070064	4.30E-05	0	0	2.15E-05	0	0	0.146496815	0.010828025	0	0.061783439	0.496815287	0.503184713	1	0.038216561	0	0.834394904	0.796178344	0.828025478	0.114649682	0	0
0.780898876	5.09E-05	6.36E-06	4.45E-05	3.18E-05	0	0	0.280898876	0.007865169	0	0.081460674	0.573033708	0.426966292	1	0.04494382	0	0.91011236	0.797752809	0.825842697	0.398876404	0.005617978	0
0.855491329	2.14E-05	0	2.68E-05	0	0	0	0.231213873	0.005202312	0.046242775	0.068208092	0.271676301	0.728323699	1	0.028901734	0	0.907514451	0.901734104	0.913294798	0.01734104	0	0
0.905797101	0	0	5.60E-05	6.53E-05	0	0	0.449275362	0.00942029	0	0.00942029	0.507246377	0.492753623	1	0.043478261	0	0.927536232	0.847826087	0.898550725	0.18115942	0.007246377	0
0.883116883	9.91E-06	0	3.97E-05	0	0	0	0.253246753	0.005844156	0.051948052	0.072727273	0.305194805	0.694805195	1	0.006493506	0	0.896103896	0.902597403	0.902597403	0.012987013	0	0
0.71657754	4.86E-05	6.94E-06	3.47E-05	2.43E-05	0	0	0.320855615	0.005882353	0	0.002673797	0.529411765	0.470588235	1	0.032085561	0	0.807486631	0.77540107	0.807486631	0.203208556	0	0
0.875	0	0	4.28E-05	0	0	0	0.144736842	0.010526316	0	0.140131579	0.309210526	0.690789474	1	0.006578947	0	0.907894737	0.888157895	0.907894737	0.032894737	0.006578947	0
0.614035088	4.05E-06	1.22E-05	2.03E-05	2.43E-05	0	0	0.271929825	0.006578947	0.004385965	0.032894737	0.714912281	0.285087719	1	0.021929825	0.004385965	0.622807018	0.51754386	0.622807018	0.118421053	0	0
0.904458599	0	0	2.61E-05	0	0	0	0.286624204	0.004458599	0.133757962	0.056687898	0.159235669	0.840764331	1	0.006369427	0	0.923566879	0.917197452	0.929936306	0.006369427	0	0
0.752941176	4.05E-05	2.02E-05	2.02E-05	0	0	0	0.258823529	0.006470588	0	0.044705882	0.341176471	0.658823529	1	0.035294118	0	0.805882353	0.8	0.805882353	0.029411765	0	0
0.780487805	0	0	6.24E-05	3.12E-05	0	0	0.280487805	0.012804878	0	0.070731707	0.695121951	0.304878049	1	0.048780488	0.006097561	0.786585366	0.75	0.780487805	0.103658537	0.006097561	0
0.677966102	5.14E-05	0.00051439	8.57E-06	0	0	0	0.203389831	0.010169492	0	0.061581921	0.700564972	0.299435028	1	0.033898305	0	0.920903955	0.858757062	0.903954802	0.237288136	0.005649718	0
0.88	0	0	5.73E-05	0	0	0	0.22	0.006666667	0	0.096666667	0.26	0.74	1	0.013333333	0.006666667	0.886666667	0.88	0.893333333	0.02	0	0
0.728723404	6.72E-05	0	3.92E-05	1.68E-05	0	0	0.287234043	0.014893617	0	0.025531915	0.723404255	0.276595745	1	0.04787234	0.010638298	0.872340426	0.75	0.877659574	0.255319149	0.005319149	0
0.715	1.67E-05	3.34E-05	0	4.17E-06	0	0	0.25	0.0055	0.015	0.061	0.63	0.37	1	0.04	0	0.74	0.735	0.745	0.02	0	0
0.803370787	2.81E-05	0	1.41E-05	0	0	0	0.280898876	0.006741573	0.039325843	0.09494382	0.679775281	0.320224719	1	0.056179775	0	0.820224719	0.825842697	0.831460674	0.056179775	0.005617978	0
0.765060241	0.006038971	0.006024096	0.006076156	0.006024096	0.006024096	0.006024096	0.162650602	0.013855422	0.006024096	0.060240964	0.313253012	0.692771084	1	0.012048193	0.006024096	0.78313253	0.801204819	0.795180723	0.06626506	0	0
0.681372549	5.28E-05	5.28E-06	2.64E-05	0	0	0	0.254901961	0.007843137	0	0.098039216	0.524509804	0.475490196	1	0.039215686	0	0.676470588	0.759803922	0.75	0.37745098	0	0
0.646067416	2.49E-05	0	5.48E-05	4.98E-06	0	0	0.123595506	0.009550562	0	0.057303371	0.573033708	0.426966292	1	0.016853933	0.011235955	0.724719101	0.696629213	0.719101124	0.095505618	0	0
0.867549669	0	0	4.25E-05	2.84E-05	0	0	0.125827815	0.012582781	0	0.081456954	0.536423841	0.463576159	1	0.01986755	0.006622517	0.841059603	0.834437086	0.860927152	0.139072848	0.006622517	0
0.715083799	0	0	4.59E-05	3.68E-05	0	0	0.212290503	0.01452514	0	0.082681564	0.715083799	0.284916201	1	0.027932961	0.005586592	0.74301676	0.69273743	0.720670391	0.139664804	0	0
0.675257732	5.83E-05	0	5.83E-05	0	0	0	0.118556701	0.008762887	0	0.03556701	0.432989691	0.567010309	1	0.030927835	0	0.824742268	0.81443299	0.829896907	0.118556701	0	0
0.926829268	0	0	2.35E-05	5.87E-06	0	0	0.353658537	0.00304878	0.359756098	0.045731707	0.329268293	0.670731707	1	0.018292683	0.012195122	0.969512195	0.945121951	0.963414634	0.024390244	0.006097561	0
0.742331288	1.82E-05	1.21E-05	1.82E-05	3.04E-05	0	0	0.355828221	0.009202454	0	0.054601227	0.588957055	0.411042945	1	0.042944785	0.006134969	0.748466258	0.711656442	0.736196319	0.153374233	0	0
0.770588235	6.30E-05	0	2.52E-05	0	0	0	0.158823529	0.008235294	0	0.051176471	0.305882353	0.694117647	1	0.041176471	0	0.870588235	0.858823529	0.864705882	0.041176471	0	0
0.782122905	4.07E-05	0	2.44E-05	0	0	0	0.189944134	0.006703911	0	0.057541899	0.335195531	0.664804469	1	0.011173184	0	0.87150838	0.854748603	0.865921788	0.027932961	0	0
0.871428571	0	0	4.68E-05	2.34E-05	0	0	0.214285714	0.009285714	0	0.082857143	0.364285714	0.635714286	1	0.007142857	0	0.907142857	0.864285714	0.892857143	0.057142857	0.007142857	0
0.802631579	8.23E-06	0	2.47E-05	0	0	0	0.138157895	0.011184211	0	0.105921053	0.315789474	0.684210526	1	0.013157895	0	0.822368421	0.828947368	0.828947368	0.026315789	0	0
0.82208589	0	0	6.04E-05	0	0	0	0.165644172	0.017177914	0.049079755	0.160122699	0.45398773	0.54601227	1	0.042944785	0.006134969	0.846625767	0.82208589	0.846625767	0.079754601	0	0
0.932515337	0	0	2.90E-05	9.66E-06	0	0	0.337423313	0.003680982	0.27607362	0.041104294	0.392638037	0.607361963	1	0.024539877	0.018404908	0.975460123	0.944785276	0.969325153	0.030674847	0.006134969	0
0.802631579	1.26E-05	0	1.89E-05	0	0	0	0.138157895	0.011842105	0	0.107236842	0.289473684	0.710526316	1	0.006578947	0	0.822368421	0.835526316	0.835526316	0.032894737	0	0
0.697916667	8.69E-06	2.17E-05	8.69E-06	0	0	0	0.348958333	0.0078125	0.015625	0.134375	0.71875	0.28125	1	0.010416667	0	0.708333333	0.708333333	0.713541667	0.036458333	0	0
0.883116883	9.06E-06	0	2.72E-05	0	0	0	0.24025974	0.005844156	0	0.075974026	0.305194805	0.694805195	1	0.012987013	0	0.896103896	0.902597403	0.909090909	0.012987013	0.006493506	0
0.755319149	5.14E-06	0	2.57E-05	5.65E-05	0	0	0.14893617	0.016489362	0	0.022340426	0.718085106	0.281914894	1	0.042553191	0.010638298	0.760638298	0.691489362	0.739361702	0.303191489	0	0
0.854166667	0	0	3.19E-05	4.25E-05	0	0	0.3125	0.006944444	0.131944444	0.026388889	0.590277778	0.409722222	1	0.055555556	0.006944444	0.861111111	0.826388889	0.868055556	0.097222222	0.006944444	0
0.880503145	0	2.11E-05	1.58E-05	4.74E-05	0	0	0.377358491	0.011320755	0	0.052830189	0.672955975	0.327044025	1	0.044025157	0	0.893081761	0.779874214	0.886792453	0.213836478	0.006289308	0
0.912	0	0	6.40E-05	0	0	0	0.512	0.004	0	0.0976	0.2	0.8	1	0.008	0	0.92	0.912	0.928	0.008	0	0
0.634920635	1.77E-05	0	8.83E-06	4.41E-06	0	0	0.243386243	0.007936508	0.058201058	0.100529101	0.698412698	0.301587302	1	0.047619048	0	0.661375661	0.650793651	0.666666667	0.079365079	0	0
0.827586207	1.42E-05	1.42E-05	1.42E-05	0	0	0	0.201149425	0.010344828	0	0.141954023	0.67816092	0.32183908	1	0.034482759	0.005747126	0.867816092	0.850574713	0.867816092	0.068965517	0.005747126	0
0.704301075	7.92E-05	9.36E-05	7.20E-06	0	0	0	0.166666667	0.017204301	0	0.038172043	0.715053763	0.284946237	1	0.053763441	0.005376344	0.806451613	0.774193548	0.801075269	0.134408602	0.005376344	0
0.81595092	1.72E-05	0	4.59E-05	1.15E-05	0	0	0.171779141	0.008588957	0	0.097546012	0.331288344	0.668711656	1	0.018404908	0	0.858895706	0.846625767	0.852760736	0.055214724	0	0
0.905797101	0	7.89E-06	6.31E-05	6.31E-05	0	0	0.456521739	0.011594203	0	0.012318841	0.507246377	0.492753623	1	0.028985507	0	0.942028986	0.84057971	0.898550725	0.231884058	0.007246377	0
0.904761905	0	1.74E-05	1.74E-05	0	0	0	0.394557823	0.003401361	0.115646259	0.060544218	0.149659864	0.850340136	1	0.013605442	0	0.925170068	0.925170068	0.931972789	0.006802721	0	0
0.769662921	3.90E-05	7.79E-06	2.34E-05	1.56E-05	0	0	0.320224719	0.007865169	0	0.034831461	0.612359551	0.387640449	1	0.02247191	0	0.820224719	0.803370787	0.837078652	0.241573034	0.005617978	0
0.804878049	1.06E-05	0	4.77E-05	5.30E-06	0	0	0.262195122	0.004878049	0	0.073780488	0.335365854	0.664634146	1	0.018292683	0	0.829268293	0.823170732	0.835365854	0.024390244	0	0
0.817610063	3.61E-05	0.000207538	2.71E-05	0	0	0	0.289308176	0.005031447	0	0.043396226	0.553459119	0.446540881	1	0.018867925	0	0.836477987	0.886792453	0.874213836	0.094339623	0.006289308	0
0.883116883	8.37E-06	0	3.35E-05	0	0	0	0.24025974	0.005844156	0	0.078571429	0.233766234	0.766233766	1	0.012987013	0	0.896103896	0.902597403	0.915584416	0.012987013	0	0
0.661538462	3.70E-05	4.44E-05	4.44E-05	5.92E-05	0	0	0.112820513	0.026666667	0	0	0.743589744	0.256410256	1	0.066666667	0.005128205	0.712820513	0.625641026	0.661538462	0.441025641	0	0
